2 197.6454834579963 522.3072887330968 205.73628026359438 522.3072887330968 205.73628026359438 515.8425023148634 197.6454834579963 515.8425023148634 
2 122.79836731055184 584.8265750745236 63.43110460536627 584.8265750745236 
2 63.43110460536627 584.8265750745236 63.28846417078603 162.38145855268556 
2 122.79836731055184 584.8265750745236 122.80004382472134 162.3842717260078 
2 122.79836743892884 429.97057525924583 63.43110566342148 429.97057525924583 
2 122.7985237857556 474.3760287987343 63.43126205140106 474.3760287987343 
2 122.79847214408164 510.82813721377886 63.43121043455267 510.82813721377886 
2 122.79836735764184 528.0297207095905 63.43110566342148 528.0297207095905 
2 122.79836733402408 556.5098416512524 63.43110566342148 556.5098416512524 
2 197.6454834579963 520.5997592857352 205.73628026359438 520.5997592857352 
2 122.79836742037514 452.3510960636527 63.43110566342148 452.35109607216555 
1 66.80813286034754 418.9193189386028 96.54273461409684 418.9193189386028
2 123.89475819857398 553.2836029499344 123.89475819857398 405.58457807194327 
2 63.28846417078614 162.3814585526855 122.80004382472134 162.3842717260078
2 122.80004171979563 185.65036212352365 63.29632101566324 185.65035674011332
2 63.296311699041 225.57937190396865 122.79979302626684 225.57960805084312
2 122.79974351027147 238.05647914124816 63.333976352574155 238.03851473890597
2 63.329608839963385 249.55891833582177 122.79969786049195 249.55915435017474
2 122.79621223029828 261.0972879071131 63.321802781469415 261.11736970064885
2 63.325679849044946 272.5997257979223 122.79960642021736 272.59996182750507
2 122.79960571828676 284.5895638675698 63.329735050307725 284.6096441285664
2 63.33361818342394 296.109963982257 122.79951311694948 296.1101999799653
2 122.79946712217088 307.69980689299985 63.33454689202517 307.6998172671628
2 63.34003691122268 315.1197224762891 122.79943766513725 315.1222894020442
2 122.799405154125 323.31430304270395 63.34281062573633 323.3343788209542
2 63.43110460536627 330.87969830570137 122.79937512898957 330.87993391597513
