256 131.3201823479044 151.37943429805136 130.50103030362652 150.8058578617024 131.64818317632444 149.16755377311756 132.46722113418355 149.74105032530179
256 133.5187441371977 153.8824361995762 133.5187441371977 160.8824361995762
256 133.5187441371977 153.15580903310592 133.5187441371977 166.8650753508232
256 132.4158263743825 152.02616951561913 134.6216619000129 154.23200504124952
256 132.4158263743825 154.23200504124952 134.6216619000129 152.02616951561913
256 133.5187441371977 148.23887460669556 133.5187441371977 136.24852107074958
2 133.5187441371977 166.87877587611774 135.6547028097716 164.7721955787979
2 133.5187441371977 166.87877587611774 131.3827854646238 164.7721955787979
2 133.5187441371977 165.12107601459672 135.6547028097716 163.01449571727687
2 133.5187441371977 165.12107601459672 131.3827854646238 163.01449571727687
2 133.5190646868041 136.372817055305 135.655023359378 138.47939735262486
2 133.5190646868041 136.372817055305 131.38310601423018 138.47939735262486
2 133.50517309394218 138.13051691682602 135.64113176651608 140.23709721414588
2 133.50517309394218 138.13051691682602 131.36921442136827 140.23709721414588
1 134.89841294878124 145.1342160766185 132.6925774231654 142.9283805509881
1 134.89841294878124 146.43319791095246 132.6925774231654 144.22736238533662
1 134.89841294878124 147.73217974530098 132.6925774231654 145.5263442196706
1 134.89841294878124 145.1342160766185 132.6925774231654 142.9283805509881
1 134.89841294878124 146.43319791095246 132.6925774231654 144.22736238533662
1 134.89841294878124 147.73217974530098 132.6925774231654 145.5263442196706
1 134.87169119411692 157.60810150153384 132.66585566848653 155.402265975918
1 134.87169119411692 158.90708333588236 132.66585566848653 156.70124781025197
1 134.87169119411692 160.20606517021633 132.66585566848653 158.0002296446005
256 133.5187441371977 148.23887460669556 130.14375878425335 153.06028225375894
7 133.5187441371977 202.1161731558223 133.5187441371977 166.895155641234
7 133.5190988831605 136.37817388407257 133.46034823310083 74.70188056111056
7 133.4163074758403 74.62432158059801 137.96435348791465 80.41943417551647
7 135.78638488049955 74.62916328843403 131.0075746333173 74.62916328843403
7 133.39981953952565 72.15471592326776 135.78812811685248 74.62805753566045
7 133.39981953952565 72.15471592326776 131.00617714056034 74.62854648351913
7 133.39981953952565 72.15471592326776 133.39981952573044 9.331168314167371
256 133.46034823310083 74.70188056111056 137.96988285511952 84.71320548073982
3 135.16758648912764 55.00138161515537 131.63205258316702 58.536915521115986
3 135.16758648912764 53.00138161515537 131.63205258316702 56.536915521115986
3 135.16758648912764 52.00138161515537 131.63205258316702 55.536915521115986
3 135.16758648912764 51.00138161515537 131.63205258316702 54.536915521115986
3 131.63205258316702 59.036915521115986 131.63205258316702 58.036915521115986
3 135.16758648912764 54.00138161515537 131.63205258316702 57.536915521115986