7 27.735824982732083 100.32869538240624 32.40486695161417 100.32869538240624 30.070345967173125 95.80616757035745 27.735824982732083 100.32869538240624 
2 29.004592355895056 125.31133186964689 31.125912699455057 127.43265221320598 
2 31.125912699455057 125.31133186964689 29.004592355895966 127.43265221320598 
2 30.065252527675057 121.37199204142644 26.623793909569486 126.2869043071596 
2 26.951794737982254 124.07502378223126 27.77094678227195 124.64860021858294 
2 26.951794737982254 124.07502378223126 28.098947610684718 122.43671969365369 
2 28.098947610684718 122.43671969365369 28.918099654973503 123.01029613000446 
3 28.29748557470839 129.60422508846023 31.833019480640814 133.13975899439265 
2 30.065252527675057 126.37199204142689 30.065252527675057 136.3719920414269 
3 28.29748557470839 115.82933848568382 31.833019480640814 119.3648723916167 
2 24.06525252767551 111.37199204142644 36.06525252767551 111.37199204142644 
2 36.06525252767551 111.37199204142644 36.06525252767551 105.37199204142644 
2 36.06525252767551 105.37199204142644 24.06525252767551 105.37199204142644 
2 24.06525252767551 105.37199204142644 24.06525252767551 111.37199204142644 
2 28.34452321862227 123.82944817429325 39.007976861407315 123.82944817429325 
2 36.06525252767551 108.37199204142644 39.007976861407315 108.37199204142644 
2 39.007976861407315 108.37199204142644 39.007976861407315 123.82944817429325 
2 30.06525252767551 111.37199204142644 30.06525252767551 121.37199204142598 
3 28.29748557470839 131.60422508846023 31.833019480640814 135.13975899439265 
3 28.29748557470839 117.82933848568382 31.833019480640814 121.3648723916167 
7 30.065252527674602 136.3719920414278 30.065252527674602 164.65346968408812 
7 30.067963731491545 105.24799366628235 30.031345159821967 7.911292529084676 
7 25.71780073930495 147.15482961445468 30.06525195415179 142.80737839960784 
3 28.297485574707935 127.60422508845932 31.83301948064036 131.13975899439265 
3 28.297485574707935 113.82933848568382 31.83301948064036 117.3648723916167 
3 28.29748557470839 133.60422508846023 31.833019480640814 137.13975899439265 
3 28.297485574707935 111.82933848568564 31.83301948064036 115.36487239161852 
7 25.717800739305403 158.78280056672384 25.717800739305403 147.15482961445014 
7 21.75127375027114 102.74867497868945 30.070345967173125 100.32869538240624 
7 21.75127375027114 154.09137636159903 21.75127375027114 102.74867497868945 
3 28.474398428779296 74.8812574898061 31.637890917864297 72.78168746351776 
3 28.380313981759173 74.3663457761495 28.542258953144483 75.44511219269725 
3 28.474398428779296 73.54468299538894 31.637890917864297 71.44511296910059 
