7 29.530121999200674 58.40585933457305 29.530121999200674 86.68733697723383 
7 29.530121999200674 33.40585933457305 29.53012199920181 19.411510026872747 
7 57.21210467011588 19.411510026871838 57.21210467011588 86.68733697723383 
7 29.53012199920181 19.411510026872747 57.21210467011588 19.411510026872747 
3 27.762355046234006 49.638092381606384 31.29788895216643 53.173626287539264 
3 27.762355046234006 51.638092381606384 31.29788895216643 55.173626287539264 
2 29.530121999200674 48.40585933457305 29.530121999200674 58.40585933457305 
3 27.762355046234006 34.638092381606384 31.29788895216643 38.173626287539264 
3 27.762355046234006 36.638092381606384 31.29788895216643 40.173626287539264 
3 27.762355046234006 38.638092381606384 31.29788895216643 42.173626287539264 
2 29.530121999200674 33.40585933457305 29.530121999200674 43.40585933457305 
3 27.762355046234006 53.638092381606384 31.29788895216643 57.173626287539264 
2 28.469461827420673 47.34519916279305 30.590782170980674 49.4665195063526 
2 30.590782170980674 47.345199162793506 28.469461827421583 49.4665195063526 
2 29.530121999200674 43.40585933457305 26.088663381095103 48.320771600306216 
2 26.41666420950787 46.108891075377414 27.235816253797566 46.6824675117291 
2 26.41666420950787 46.108891075377414 27.563817082210335 44.470586986799844 
2 27.563817082210335 44.470586986799844 28.38296912649912 45.04416342315062 
