7 47.34560559368856 99.74357776669058 52.014647562570644 99.74357776669058 49.6801265781296 95.22104995464179 47.34560559368856 99.74357776669058 
7 49.680126578131876 135.42752842144796 49.680126578131876 163.7090060641092 
7 49.64008761145942 9.368154852471434 49.680126578131876 110.4275284214479 
7 45.33267536328094 104.09102898153901 49.68012657812778 99.74357776669217 
7 41.99063884663974 104.09102897198841 49.68012657813006 99.74357776668944 
7 45.33267536328276 157.8383449654782 45.33267536328094 104.09102898153901 
7 41.990638273035074 153.14690449208024 41.99063884663974 104.09102898153719 
2 48.619466406351876 124.36686824966796 50.74078674991188 126.48818859322705 
2 50.74078674991188 124.36686824966796 48.619466406352785 126.48818859322705 
2 49.680126578131876 120.42752842144796 46.238667960026305 125.34244068718067 
2 46.566668788439074 123.13056016225232 47.38582083272877 123.70413659860401 
2 46.566668788439074 123.13056016225232 47.71382166114154 121.49225607367475 
2 47.71382166114154 121.49225607367475 48.53297370543032 122.06583251002553 
2 49.680126578131876 125.42752842144796 49.680126578131876 135.42752842144796 
2 49.680126578131876 110.4275284214479 49.680126578131876 120.42752842144796 
3 47.86674573196933 128.6597614684822 51.402279637901756 132.19529537441508 
3 47.86674573196933 113.6597614684822 51.402279637901756 117.19529537441508 
