7 37.87205360140342 90.60022730332048 42.541095570285506 90.60022730332048 40.206574585844464 86.07769949127169 37.87205360140342 90.60022730332048 
7 40.20657458584674 126.2841779580778 40.20657458584674 154.56565560073903 
7 40.16653561917428 0.2248043891013367 40.20657458584674 101.2841779580778 
7 35.8591233709958 94.94767851816891 40.206574585842645 90.60022730332207 
7 32.5170868543546 94.94767850861831 40.20657458584492 90.60022730331934 
7 35.85912337099762 148.69499450210805 35.8591233709958 94.94767851816891 
7 32.517086280749936 144.00355402871008 32.5170868543546 94.9476785181671 
2 39.14591441406674 115.2235177862978 41.26723475762674 117.3448381298569 
2 41.26723475762674 115.2235177862978 39.14591441406765 117.3448381298569 
2 40.20657458584674 111.2841779580778 36.76511596774117 116.19909022381051 
2 37.093116796153936 113.98720969888217 37.91226884044363 114.56078613523385 
2 37.093116796153936 113.98720969888217 38.2402696688564 112.3489056103046 
2 38.2402696688564 112.3489056103046 39.059421713145184 112.92248204665538 
2 40.20657458584674 116.2841779580778 40.20657458584674 126.2841779580778 
2 40.20657458584674 101.2841779580778 40.20657458584674 111.2841779580778 
3 38.39319373968419 119.51641100511205 41.92872764561662 123.05194491104493 
3 38.39319373968419 104.51641100511205 41.92872764561662 108.05194491104493 
3 38.393194489525285 121.51641175495257 41.92872839545771 125.0519456608859 
3 38.39319373968419 106.51641100511159 41.92872764561662 110.05194491104493 
3 38.39319373968419 117.51641100511216 41.92872764561662 121.05194491104504 
3 38.393192989843556 102.51641025527118 41.92872689577598 106.05194416120406 
