256 707.5453433302641 292.8593497617908 4.5 
256 672.893712251232 301.20859438890557 4.5 
2 672.893712251232 418.3593497617908 5.0 
2 672.893712251232 410.3593497617908 5.0 
2 657.3227573817162 375.3593497617908 3.5 
2 666.5327721072422 375.3593497617908 3.5 
256 686.0310227990735 301.20859438890557 4.5 
256 659.3542393529237 301.20859438890557 4.5 
2 655.2418608007897 268.0889777225743 0.9 
2 655.2418608007897 263.7117219900606 0.9 
2 672.8939849777739 358.4662888269845 0.75 
2 731.5675969342115 312.7418284192622 0.75 
2 721.567596934186 322.2418284192604 0.5 
2 731.5675969342115 357.9104040433558 0.75 
2 721.567596934186 368.57855753903823 0.5 
2 721.567596934186 344.3531417293166 0.5 
3 614.7503807230719 240.91463474345755 0.375 
256 620.9616242330335 263.79714914362944 0.4281492259639279 
256 620.7622485883435 268.09092043633814 0.41010995540513506 
