256 707.6478433302577 285.3593497617908 707.442843330256 285.3593497617908 
256 672.9962122512256 293.70859438890557 672.7912122512239 293.70859438890557 
256 707.6478433302577 300.3593497617908 707.442843330256 300.3593497617908 
256 672.9962122512256 308.70859438890557 672.7912122512239 308.70859438890557 
2 665.1643332725685 369.0682980735214 657.0735364669704 369.0682980735214 657.0735364669704 362.603511655288 665.1643332725685 362.603511655288 
256 686.1335227990817 293.70859438890557 685.9285227990799 293.70859438890557 
256 686.1335227990817 308.70859438890557 685.9285227990799 308.70859438890557 
256 659.4567393529173 293.70859438890557 659.2517393529156 293.70859438890557 
256 659.4567393529173 308.70859438890557 659.2517393529156 308.70859438890557 
256 670.6951504619387 334.882165499798 669.8759984176609 334.30858906344906 671.0231512903588 332.6702849748642 671.8421892482179 333.24378152704844 
2 717.1583529432423 339.0071812574329 717.1583529432423 347.0071812574329 725.1583529432423 347.0071812574329 725.1583529432423 339.0071812574329 717.1583529432423 339.0071812574329 719.8364735598329 339.0071812574329 718.2733232944843 339.0071812574329 
256 616.3991888809537 367.88873284983606 634.6594886252083 367.88873284983606 634.6594886252083 274.704193663591 694.8584231934624 274.704193663591 694.8584231934624 358.4664165705176 672.8939849777739 358.4662888269845 
256 614.2006270916604 334.7625027493593 613.3814750473825 334.18892631301037 614.5286279200805 332.5506222244255 615.3476658779396 333.12411877660975 
256 721.567596934186 430.3593497617908 673.4259326032366 430.35934976180533 
7 672.893712251232 405.3593497617908 672.894032800838 350.24351056801447 
7 648.3784477333425 385.4761137992823 648.3784477333425 282.52542508017586 
2 707.5453433302641 410.3593497617908 707.5453433302641 263.8231220130906 
256 707.5453433302641 300.3593497617908 707.5453433302641 285.3593497617908 
7 672.893712251232 319.75125227249623 672.8937122742223 282.52542501266953 
256 672.893712251232 308.70859438890557 672.893712251232 293.70859438890557 
2 711.5453433302641 273.9565665502082 711.5453433302641 271.4565665502082 
256 703.157861136558 293.8593497617908 701.0453433302641 293.8593497617908 
256 703.157861136558 291.8593497617908 701.0453433302641 291.8593497617908 
2 707.5453433302641 273.8231220130906 711.5453433302641 273.8231220130906 
2 713.5453433302641 273.8231220130906 713.5453433302641 273.3231220130906 
2 712.5453433302641 273.8231220130906 712.5453433302641 272.3231220130906 
2 712.5453433302641 273.8231220130906 712.5453433302641 275.3231220130906 
2 713.5453433302641 273.8231220130906 713.5453433302641 274.3231220130906 
2 711.5453433302641 273.8231220130906 711.5453433302641 276.3231220130906 
7 672.893712251232 282.52542501266953 648.3784477333425 282.52542508017586 
256 668.5062300575405 302.20859438890557 666.393712251232 302.20859438890557 
256 668.5062300575405 300.20859438890557 666.393712251232 300.20859438890557 
256 673.4259326032366 430.3593497617908 673.4259326032366 423.3593497617908 
2 672.893712251232 410.3593497617908 675.5602991268565 410.3593497617908 
2 672.893712251232 410.3593497617908 675.4917884625788 411.8593497617908 
2 672.893712251232 410.3593497617908 707.5453433302641 410.3593497617908 
2 672.893712251232 410.3593497617908 670.2956360398707 411.8593497617908 
2 672.893712251232 410.3593497617908 672.893712251232 407.3593497617908 
7 654.5102664384353 386.42213668241266 654.5102664384353 384.51228421036603 
2 665.1643332725685 367.3607686261598 657.0735364669704 367.3607686261598 
256 686.0310227990735 308.70859438890557 686.0310227990735 293.70859438890557 
256 681.643540605382 302.20859438890557 679.5310227990735 302.20859438890557 
256 681.643540605382 300.20859438890557 679.5310227990735 300.20859438890557 
256 659.3542393529237 308.70859438890557 659.3542393529237 293.70859438890557 
256 654.9667571592177 302.20859438890557 652.8542393529237 302.20859438890557 
256 654.9667571592177 300.20859438890557 652.8542393529237 300.20859438890557 
256 640.9691456693722 384.9675488571006 640.9689931347998 350.74592421261286 
256 640.9689931347998 350.74592421261286 640.9689931347998 306.326225944656 
256 640.9689931347998 296.326225944656 640.9689931347998 263.82312238385884 
3 642.7367600877656 316.91060070024787 639.201226181834 320.4461346061794 
3 642.7367600877656 318.91060070024787 639.201226181834 322.4461346061794 
3 642.7367600877656 320.91060070024787 639.201226181834 324.4461346061794 
2 655.2418608007897 268.0889777225743 655.2418608007897 263.7117219900606 
2 738.9150585319908 400.04461229035905 738.9150585319908 252.34558741236788 
256 672.893712251232 337.38516740132286 672.893712251232 344.38516740132286 
256 672.893712251232 336.6585402348526 672.893712251232 350.36780655256985 
256 671.7907944884169 335.5289007173658 673.9966300140472 337.7347362429962 
256 671.7907944884169 337.7347362429962 673.9966300140472 335.5289007173658 
256 672.893712251232 331.7416058084423 672.893712251232 319.75125227249623 
2 672.893712251232 350.3815070778644 675.029670923806 348.27492678054455 
2 672.893712251232 350.3815070778644 670.7577535786581 348.27492678054455 
2 672.893712251232 348.62380721634327 675.029670923806 346.5172269190234 
2 672.893712251232 348.62380721634327 670.7577535786581 346.5172269190234 
2 672.894032800838 319.8755482570516 675.0299914734119 321.98212855437146 
2 672.894032800838 319.8755482570516 670.7580741282641 321.98212855437146 
2 672.8801412079761 321.63324811857274 675.01609988055 323.7398284158926 
2 672.8801412079761 321.63324811857274 670.7441825354022 323.7398284158926 
1 674.2733810628156 328.63694727836514 672.0675455371997 326.43111175273475 
1 674.2733810628156 329.9359291126991 672.0675455371997 327.7300935870833 
1 674.2733810628156 331.23491094704764 672.0675455371997 329.02907542141725 
1 674.2733810628156 328.63694727836514 672.0675455371997 326.43111175273475 
1 674.2733810628156 329.9359291126991 672.0675455371997 327.7300935870833 
1 674.2733810628156 331.23491094704764 672.0675455371997 329.02907542141725 
1 674.2466593081513 341.1108327032805 672.0408237825209 338.90499717766465 
1 674.2466593081513 342.409814537629 672.0408237825209 340.2039790119986 
1 674.2466593081513 343.708796371963 672.0408237825209 341.50296084634715 
256 672.893712251232 331.7416058084423 669.5187268982877 336.5630134555056 
256 721.567596934186 430.3593497617908 721.567596934186 369.07855753903823 
256 721.567596934186 312.7418284192604 721.567596934186 184.58741750069794 
2 721.567596934186 322.7418284192604 721.567596934186 339.7990907332978 
2 719.3595843606249 320.0538472796386 728.2555780738271 320.0538472796386 
2 728.2555780738271 310.53381584567137 728.2555780738271 320.0538472796386 
2 730.9435592134591 312.32580327209325 725.5675969342115 308.7418284192622 
2 721.5675969342115 312.7418284192622 725.5675969342115 312.7418284192622 
2 725.5675969342115 311.7418284192622 725.5675969342115 313.7418284192622 
2 732.3175969342115 312.7418284192622 735.5675969342115 312.7418284192622 
2 735.5675969342115 315.2418284192622 735.5675969342115 310.2418284192622 
2 736.5675969342115 314.2418284192622 736.5675969342115 311.2418284192622 
2 737.5675969342115 313.6793284192622 737.5675969342115 311.8043284192622 
2 721.567596934186 316.7418284192604 721.567596934186 312.7418284192604 
2 721.1515717870166 317.36586614001385 717.567596934186 322.7418284192604 
2 720.567596934186 322.7418284192604 722.567596934186 322.7418284192604 
2 721.567596934186 316.7418284192604 720.3128766075092 318.6239089092762 
2 721.567596934186 316.7418284192604 721.567596934186 315.19650428000523 
2 719.3595843606249 365.2224229037322 728.2555780738271 365.2224229037322 
2 728.2555780738271 355.70239146976496 728.2555780738271 365.2224229037322 
2 730.9435592134591 357.49437889618684 725.5675969342115 353.9104040433558 
2 721.5675969342115 357.9104040433558 725.5675969342115 357.9104040433558 
2 725.5675969342115 356.9104040433558 725.5675969342115 358.9104040433558 
2 732.3175969342115 357.9104040433558 735.5675969342115 357.9104040433558 
2 735.5675969342115 360.4104040433558 735.5675969342115 355.4104040433558 
2 736.5675969342115 359.4104040433558 736.5675969342115 356.4104040433558 
2 721.567596934186 361.910404043354 717.567596934186 367.910404043354 
2 720.567596934186 369.07855753903823 722.567596934186 369.07855753903823 
2 717.9836220813554 345.17505301254437 721.567596934186 339.7990907332978 
2 720.567596934186 344.8531417293166 722.567596934186 344.8531417293166 
2 721.567596934186 344.8531417293166 721.567596934186 361.910404043354 
2 672.893712251232 418.3593497617908 675.4917884625788 419.8593497617908 
2 672.893712251232 418.3593497617908 670.2956360398707 419.8593497617908 
2 672.893712251232 418.3593497617908 672.893712251232 415.3593497617908 
7 616.39886832816 319.75588885218554 616.4576189782197 258.0795955292381 
7 614.131582330821 258.006878256547 618.9103925779887 258.006878256547 
7 616.5181476717948 255.53243089138073 614.129839094468 258.0057725037734 
7 616.5181476717948 255.53243089138073 618.9117900707602 258.0062614516321 
7 616.5181476717948 255.53243089138073 616.5181476855901 192.70888328228034 
256 616.3991888809537 337.26550465088417 616.3991888809537 344.26550465088417 
256 616.3991888809537 336.5388774844139 616.3991888809537 350.24814380213115 
256 617.5021066437689 335.4092379669271 615.2962711181385 337.6150734925575 
256 617.5021066437689 337.6150734925575 615.2962711181385 335.4092379669271 
256 616.3991888809537 331.6219430580036 616.3991888809537 319.63158952205754 
2 616.3991888809537 350.2618443274257 614.2632302083798 348.15526403010585 
2 616.3991888809537 350.2618443274257 618.5351475535276 348.15526403010585 
2 616.3991888809537 348.5041444659048 614.2632302083798 346.39756416858495 
2 616.3991888809537 348.5041444659048 618.5351475535276 346.39756416858495 
2 616.3988683313469 319.7558855066129 614.262909658773 321.86246580393276 
2 616.3988683313469 319.7558855066129 618.5348270039208 321.86246580393276 
2 616.4127599242088 321.51358536813404 614.2768012516349 323.6201656654539 
2 616.4127599242088 321.51358536813404 618.5487185967827 323.6201656654539 
1 615.0195200693702 328.51728452792645 617.225355594986 326.31144900229606 
1 615.0195200693702 329.8162663622604 617.225355594986 327.6104308366446 
1 615.0195200693702 331.11524819660895 617.225355594986 328.90941267097855 
1 615.0195200693702 328.51728452792645 617.225355594986 326.31144900229606 
1 615.0195200693702 329.8162663622604 617.225355594986 327.6104308366446 
1 615.0195200693702 331.11524819660895 617.225355594986 328.90941267097855 
1 615.0462418240345 340.9911699528418 617.2520773496649 338.78533442722596 
1 615.0462418240345 342.2901517871903 617.2520773496649 340.08431626155993 
1 615.0462418240345 343.5891336215243 617.2520773496649 341.38329809590846 
7 616.3991888809537 367.88873284983606 616.3991888809537 350.2782240925419 
256 616.3991888809537 331.6219430580036 613.0242035280094 336.4433507050669 
7 616.4135782209592 258.0020365487255 620.9616242330335 263.79714914362944 
256 616.4576189782197 258.0795955292381 620.7622485883435 268.09092043633814 
3 618.2859146290325 238.37910083749694 614.7503807230719 241.91463474345755 
3 618.2859146290325 236.37910083749694 614.7503807230719 239.91463474345755 
3 618.2859146290325 235.37910083749694 614.7503807230719 238.91463474345755 
3 618.2859146290325 234.37910083749694 614.7503807230719 237.91463474345755 
3 614.7503807230719 242.41463474345755 614.7503807230719 241.41463474345755 
3 618.2859146290325 237.37910083749694 614.7503807230719 240.91463474345755 
2 639.0338988253116 306.2939199366606 639.0338988253116 296.2939199366606 
2 639.0338988253116 296.2939199366606 643.0338988253116 296.2939199366606 
2 643.0338988253116 296.2939199366606 643.0338988253116 306.2939199366606 
2 643.0338988253116 306.2939199366606 639.0338988253116 306.2939199366606 
2 638.1756375120804 306.94379709268014 638.1756375120804 304.94379709268014 
2 643.7996613822688 297.24193729726994 638.1756375120804 304.94379709268014 
2 643.7996613822688 297.24193729726994 643.7996613822688 295.24193729726994 
