256 707.6478433302577 285.3593497617908 707.442843330256 285.3593497617908 
256 672.9962122512256 293.70859438890557 672.7912122512239 293.70859438890557 
256 707.6478433302577 300.3593497617908 707.442843330256 300.3593497617908 
256 672.9962122512256 308.70859438890557 672.7912122512239 308.70859438890557 
2 665.1643332725685 369.0682980735214 657.0735364669704 369.0682980735214 657.0735364669704 362.603511655288 665.1643332725685 362.603511655288 
256 686.1335227990817 293.70859438890557 685.9285227990799 293.70859438890557 
256 686.1335227990817 308.70859438890557 685.9285227990799 308.70859438890557 
256 659.4567393529173 293.70859438890557 659.2517393529156 293.70859438890557 
256 659.4567393529173 308.70859438890557 659.2517393529156 308.70859438890557 
256 670.6951504619387 334.882165499798 669.8759984176609 334.30858906344906 671.0231512903588 332.6702849748642 671.8421892482179 333.24378152704844 
2 717.1583529432423 339.0071812574329 717.1583529432423 347.0071812574329 725.1583529432423 347.0071812574329 725.1583529432423 339.0071812574329 717.1583529432423 339.0071812574329 719.8364735598329 339.0071812574329 718.2733232944843 339.0071812574329 
256 616.3991888809537 367.88873284983606 634.6594886252083 367.88873284983606 634.6594886252083 274.704193663591 694.8584231934624 274.704193663591 694.8584231934624 358.4664165705176 672.8939849777739 358.4662888269845 
256 614.2006270916604 334.7625027493593 613.3814750473825 334.18892631301037 614.5286279200805 332.5506222244255 615.3476658779396 333.12411877660975 
