2 49.85890365562227 44.507911808141046 55.005366382029024 44.507911808141046 55.005366382029024 39.188116054334216 49.85890365562227 39.188116054334216 
4 53.71115521475667 51.72073785364415 51.27291007476242 49.28172871351495 
7 50.098471236138494 57.11269947711736 54.76751320502058 57.11269947711736 52.432992220579536 52.59017166506857 50.098471236138494 57.11269947711736 
7 52.437224173838786 67.79425748740607 52.43213501882565 44.507911808141046 
2 54.97890365666535 44.507911808141046 49.85890365562227 39.188116054334216 
4 88.34749035750247 50.44045125643976 52.433432028747575 50.44261430562261 
7 52.437224173838786 92.79425748740618 52.437224173838786 121.07573513006741 
7 48.08977295898785 61.45775804749724 52.43722417383469 57.110306832650394 
7 44.74773644234665 61.45775803794663 52.43722417383697 57.110306832647666 
7 48.08977295898967 115.20507403143642 48.08977295898785 61.45775804749724 
7 44.747735868741984 110.51363355803846 44.74773644234665 61.45775804749542 
2 51.376564002058785 81.73359731562618 53.497884345618786 83.85491765918528 
2 53.497884345618786 81.73359731562618 51.376564002059695 83.85491765918528 
2 52.437224173838786 77.79425748740618 48.995765555733215 82.7091697531389 
2 49.32376638414598 80.49728922821055 50.14291842843568 81.07086566456223 
2 49.32376638414598 80.49728922821055 50.47091925684845 78.85898513963298 
2 50.47091925684845 78.85898513963298 51.29007130113723 79.43256157598375 
2 52.437224173838786 82.79425748740618 52.437224173838786 92.79425748740618 
2 52.437224173838786 67.79425748740607 52.437224173838786 77.79425748740618 
3 50.62384332767624 86.02649053444043 54.159377233608666 89.5620244403733 
3 50.62384332767624 71.02649053444043 54.159377233608666 74.5620244403733 
3 50.62384407751733 88.02649128428106 54.15937798344976 91.5620251902144 
3 50.62384332767624 73.02649053443997 54.159377233608666 76.5620244403733 
3 50.62384332767624 84.02649053444065 54.159377233608666 87.56202444037353 
3 50.6238425778356 69.02648978459956 54.15937648376803 72.56202369053244 
