256 48.677766141429856 67.3125652692579 47.858614097151985 66.73898883290894 49.0057669698499 65.1006847443241 49.82480492770901 65.67418129650832 
256 50.89486373360069 5.820466949269758 78.52310362399112 5.820466949269758 
256 50.78103118411673 27.017082166730688 50.986031184118474 27.017082166730688 
256 50.78103118411673 42.01708216673069 50.986031184118474 42.01708216673069 
256 37.643720636260696 27.017082166730688 37.84872063626244 27.017082166730688 
256 37.643720636260696 42.01708216673069 37.84872063626244 42.01708216673069 
256 64.32050408242503 27.017082166730688 64.52550408242678 27.017082166730688 
256 64.32050408242503 42.01708216673069 64.52550408242678 42.01708216673069 
256 48.677766141429856 67.3125652692579 47.858614097151985 66.73898883290894 
256 50.89486373360069 5.820466949269758 78.52310362399112 5.820466949269758 
256 50.78103118411673 27.017082166730688 50.986031184118474 27.017082166730688 
256 50.78103118411673 42.01708216673069 50.986031184118474 42.01708216673069 
256 37.643720636260696 27.017082166730688 37.84872063626244 27.017082166730688 
256 37.643720636260696 42.01708216673069 37.84872063626244 42.01708216673069 
256 64.32050408242503 27.017082166730688 64.52550408242678 27.017082166730688 
256 64.32050408242503 42.01708216673069 64.52550408242678 42.01708216673069 
256 48.677766141429856 67.3125652692579 47.858614097151985 66.73898883290894 
256 50.89486373360069 5.820466949269758 78.52310362399112 5.820466949269758 
256 50.78103118411673 27.017082166730688 50.986031184118474 27.017082166730688 
256 50.78103118411673 42.01708216673069 50.986031184118474 42.01708216673069 
256 37.643720636260696 27.017082166730688 37.84872063626244 27.017082166730688 
256 37.643720636260696 42.01708216673069 37.84872063626244 42.01708216673069 
256 64.32050408242503 27.017082166730688 64.52550408242678 27.017082166730688 
256 64.32050408242503 42.01708216673069 64.52550408242678 42.01708216673069 
256 48.677766141429856 67.3125652692579 47.858614097151985 66.73898883290894 
256 50.89486373360069 5.820466949269758 78.52310362399112 5.820466949269758 
256 50.78103118411673 27.017082166730688 50.986031184118474 27.017082166730688 
256 50.78103118411673 42.01708216673069 50.986031184118474 42.01708216673069 
256 37.643720636260696 27.017082166730688 37.84872063626244 27.017082166730688 
256 37.643720636260696 42.01708216673069 37.84872063626244 42.01708216673069 
256 64.32050408242503 27.017082166730688 64.52550408242678 27.017082166730688 
256 64.32050408242503 42.01708216673069 64.52550408242678 42.01708216673069 
7 78.60510361483284 118.27542430717767 78.60510361483284 83.05440679257481 
7 78.60510361483284 83.05440679257481 78.52310362399112 5.820466949269758 
7 50.850347737565244 118.26920637770354 50.89486373360069 77.06084052622737 
7 50.876367571257106 52.542327067621045 50.89486373360069 5.820466949269758 
256 50.876327930723164 69.81556717078274 50.876327930723164 76.81556717078274 
256 50.876327930723164 69.08894000431246 50.876327930723164 82.79820632202973 
256 49.77341016790797 67.95930048682567 51.97924569353836 70.16513601245606 
256 49.77341016790797 70.16513601245606 51.97924569353836 67.95930048682567 
256 50.876327930723164 64.17200557790193 50.876327930723164 52.18165204195611 
2 50.876327930723164 82.81190684732428 53.01228660329707 80.70532655000443 
2 50.876327930723164 82.81190684732428 48.74036925814926 80.70532655000443 
2 50.876327930723164 81.05420698580315 53.01228660329707 78.9476266884833 
2 50.876327930723164 81.05420698580315 48.74036925814926 78.9476266884833 
2 50.876327930723164 52.64246024460317 53.01228660329707 54.74904054192302 
2 50.876327930723164 52.64246024460317 48.74036925814926 54.74904054192302 
2 50.862436337860345 54.400160106124076 52.99839501043425 56.50674040344393 
2 50.862436337860345 54.400160106124076 48.72647766528644 56.50674040344393 
1 52.255996742306706 61.067347047825024 50.05016121669087 58.86151152219463 
1 52.255996742306706 62.366328882158996 50.05016121669087 60.16049335654316 
1 52.255996742306706 63.66531071650752 50.05016121669087 61.45947519087713 
1 52.255996742306706 61.067347047825024 50.05016121669087 58.86151152219463 
1 52.255996742306706 62.366328882158996 50.05016121669087 60.16049335654316 
1 52.255996742306706 63.66531071650752 50.05016121669087 61.45947519087713 
1 52.229274987642384 73.54123247274038 50.02343946201199 71.33539694712454 
1 52.229274987642384 74.8402143070889 50.02343946201199 72.63437878145851 
1 52.229274987642384 76.13919614142287 50.02343946201199 73.93336061580703 
256 50.876327930723164 64.17200557790193 47.501342577778814 68.99341322496548 
256 50.883531184110325 42.01708216673069 50.883531184110325 27.017082166730688 
256 55.271013377801864 35.51708216673069 57.383531184110325 35.51708216673069 
256 55.271013377801864 33.51708216673069 57.383531184110325 33.51708216673069 
256 37.746220636268845 42.01708216673069 37.746220636268845 27.017082166730688 
256 42.133702829960384 35.51708216673069 44.246220636268845 35.51708216673069 
256 42.133702829960384 33.51708216673069 44.246220636268845 33.51708216673069 
256 64.42300408241863 42.01708216673069 64.42300408241863 27.017082166730688 
256 68.81048627612472 35.51708216673069 70.92300408241863 35.51708216673069 
256 68.81048627612472 33.51708216673069 70.92300408241863 33.51708216673069 
256 60.12684955257464 20.596671664291534 70.12684956188787 20.596671664291534 
256 70.12684956188787 20.596671664291534 70.12684956188787 15.596671659634922 
256 70.12684956188787 15.596671659634922 60.12684955257464 15.596671659634922 
256 60.12684955257464 15.596671659634922 60.12684955257464 20.596671664291534 
