3 4489.703920490867 1227.7509321428508 0.375 
3 4489.703920490867 1227.7509321428508 0.375 
3 4489.703920490867 1227.7509321428508 0.375 
3 4489.703920490867 1227.7509321428508 0.375 
3 4489.703920490867 1227.7509321428508 0.375 
3 4489.703920490867 1227.7509321428508 0.375 
3 4489.703920490867 1227.7509321428508 0.375 
3 4489.703920490867 1227.7509321428508 0.375 
3 4489.703920490867 1227.7509321428508 0.375 
3 4489.703920490867 1227.7509321428508 0.375 
3 4489.703920490867 1227.7509321428508 0.375 
3 4436.835720490867 1227.7509321428508 0.375 
2 890.2978689444135 516.3354856521755 4.5
2 924.9495000234456 524.6847302792903 4.5
2 924.9495000234456 641.8354856521755 5.0 
2 924.9495000234456 633.8354856521755 5.0 
2 940.5204548929614 598.8354856521755 3.5 
2 931.3104401674354 598.8354856521755 3.5 
2 911.8121894756041 524.6847302792903 4.5
2 938.4889729217539 524.6847302792903 4.5
2 942.6013514738879 491.56511361295907 0.9 
2 942.6013514738879 487.18785788044534 0.9 
3 973.4084802364978 464.39038082946706 0.375 
2 924.9492272946363 581.942034912994 0.75 
2 881.4981499398968 536.217964309647 0.75 
2 871.4981499398709 545.7179643096451 0.5 
2 881.4981499398968 581.3865399337406 0.75 
2 871.4981499398709 592.054693429423 0.5 
2 871.4981499398709 567.8292776197013 0.5 
3 4436.835720490867 1227.7509321428508 0.375 
