7 890.1953689444199 508.8354856521755 890.4003689444216 508.8354856521755
7 924.847000023452 517.1847302792903 925.0520000234537 517.1847302792903
7 890.1953689444199 523.8354856521755 890.4003689444216 523.8354856521755
7 924.847000023452 532.1847302792903 925.0520000234537 532.1847302792903
2 932.6788790021092 592.5444339639062 940.7696758077072 592.5444339639062 940.7696758077072 586.0796475456727 932.6788790021092 586.0796475456727 
7 911.709689475596 517.1847302792903 911.9146894755977 517.1847302792903
7 911.709689475596 532.1847302792903 911.9146894755977 532.1847302792903
7 938.3864729217603 517.1847302792903 938.591472921762 517.1847302792903
7 938.3864729217603 532.1847302792903 938.591472921762 532.1847302792903
7 973.0966441944047 558.2382488353688 972.2774921501268 557.6646723990199 973.4246450228247 556.026368310435 974.2436829806838 556.5998648626193
7 922.7506176845454 558.2340054056273 921.9314656402676 557.6604289692783 923.0786185129655 556.0221248806935 923.8976564708246 556.5956214328777
7 975.295205983698 591.3644789358457 966.6121108947991 591.3644789358457 966.6121108947991 498.1799397496005 902.9847890789479 498.1799397496005 902.9847890789479 581.9421626565271 924.9492272946363 581.9420349129941
2 867.0889059489273 562.4833171478176 867.0889059489273 570.4833171478176 875.0889059489273 570.4833171478176 875.0889059489273 562.4833171478176 867.0889059489273 562.4833171478176 869.7670265655179 562.4833171478176 868.2038763001692 562.4833171478176 
2 871.4981499398709 653.8354856521755 924.4172796714411 653.8354856521901
7 924.9495000234456 628.8354856521755 924.9491794738387 573.7196464583991 
7 949.4647645413352 608.952249689667 949.4647645183445 506.0015609705606 
2 890.2978689444135 633.8354856521755 890.2978689444135 487.29925790347534 
7 890.2978689444135 523.8354856521755 890.2978689444135 508.8354856521755
7 924.9495000234456 543.227388162881 924.9495000234456 506.00156090305427 
7 924.9495000234456 532.1847302792903 924.9495000234456 517.1847302792903
2 886.2978689444135 497.43270244059295 886.2978689444135 494.93270244059295 
7 894.6853511381196 517.3354856521755 896.7978689444135 517.3354856521755
7 894.6853511381196 515.3354856521755 896.7978689444135 515.3354856521755
2 890.2978689444135 497.29925790347534 886.2978689444135 497.29925790347534 
2 884.2978689444135 497.29925790347534 884.2978689444135 496.79925790347534 
2 885.2978689444135 497.29925790347534 885.2978689444135 495.79925790347534 
2 885.2978689444135 497.29925790347534 885.2978689444135 498.79925790347534 
2 884.2978689444135 497.29925790347534 884.2978689444135 497.79925790347534 
2 886.2978689444135 497.29925790347534 886.2978689444135 499.79925790347534 
7 924.9495000234456 506.00156090305427 949.4647645413352 506.0015609705606 
7 929.3369822171371 525.6847302792903 931.4495000234456 525.6847302792903
7 929.3369822171371 523.6847302792903 931.4495000234456 523.6847302792903
7 924.4172796714411 653.8354856521755 924.4172796714411 646.8354856521755
2 924.9495000234456 633.8354856521755 922.2829131478211 633.8354856521755 
2 924.9495000234456 633.8354856521755 922.3514238120988 635.3354856521755 
2 924.9495000234456 633.8354856521755 890.2978689444135 633.8354856521755 
2 924.9495000234456 633.8354856521755 927.5475762348069 635.3354856521755 
2 924.9495000234456 633.8354856521755 924.9495000234456 630.8354856521755 
7 943.3329458362423 609.8982725727974 943.3329458362423 607.9884201007508 
2 932.6788790021092 590.8369045165446 940.7696758077072 590.8369045165446 
7 911.8121894756041 532.1847302792903 911.8121894756041 517.1847302792903
7 916.1996716692956 525.6847302792903 918.3121894756041 525.6847302792903
7 916.1996716692956 523.6847302792903 918.3121894756041 523.6847302792903
7 938.4889729217539 532.1847302792903 938.4889729217539 517.1847302792903
7 942.87645511546 525.6847302792903 944.9889729217539 525.6847302792903
7 942.87645511546 523.6847302792903 944.9889729217539 523.6847302792903
7 956.8740666053054 608.4436847474853 956.8742191398778 574.2220601029976
7 956.8742191398778 574.2220601029976 956.8742191398778 529.8023618350408
7 956.8742191398815 519.8023618350408 956.8742191398778 487.2992582742436
3 955.1064521869121 540.3867365906326 958.6419860928436 543.9222704965641 
3 955.1064521869121 542.3867365906326 958.6419860928436 545.9222704965641 
3 955.1064521869121 544.3867365906326 958.6419860928436 547.9222704965641 
7 975.2955265364917 543.2316349381952 975.236775886432 481.5553416152476 
7 975.1927351291715 481.47778263473504 979.7407811412459 487.27289522963895 
7 977.5628125338308 481.4826243425565 972.784002286663 481.4826243425565 
7 975.1762471928569 479.00817697739024 977.5645557701837 481.4815185897829 
7 975.1762471928569 479.00817697739024 972.7826047938916 481.4820075376416 
7 975.1762471928569 479.00817697739024 975.1762471790616 416.1846293682899 
2 942.6013514738879 491.56511361295907 942.6013514738879 487.18785788044534 
256 975.236775886432 481.5553416152476 979.5414054965559 491.5666665223477 
2 858.9281537426868 623.5207481807438 858.9281537426868 475.8217233027526 
7 975.295205983698 560.7412507368937 975.295205983698 567.7412507368937
7 975.295205983698 560.0146235704234 975.295205983698 573.7238898881407
7 974.1922882208828 558.8849840529366 976.3981237465132 561.090819578567
7 974.1922882208828 561.090819578567 976.3981237465132 558.8849840529366
7 975.295205983698 555.097689144013 975.295205983698 543.107335608067
2 975.295205983698 573.7375904134352 977.4311646562719 571.6310101161154 
2 975.295205983698 573.7375904134352 973.1592473111241 571.6310101161154 
2 975.295205983698 571.9798905519142 977.4311646562719 569.8733102545943 
2 975.295205983698 571.9798905519142 973.1592473111241 569.8733102545943 
2 975.2955265333048 543.2316315926225 977.4314852058787 545.3382118899424 
2 975.2955265333048 543.2316315926225 973.1595678607309 545.3382118899424 
2 975.2816349404429 544.9893314541434 977.4175936130168 547.0959117514633 
2 975.2816349404429 544.9893314541434 973.145676267869 547.0959117514633 
1 976.6748747952815 551.993030613936 974.4690392696657 549.7871950883056 
1 976.6748747952815 553.2920124482699 974.4690392696657 551.0861769226541 
1 976.6748747952815 554.5909942826185 974.4690392696657 552.3851587569881 
1 976.6748747952815 551.993030613936 974.4690392696657 549.7871950883056 
1 976.6748747952815 553.2920124482699 974.4690392696657 551.0861769226541 
1 976.6748747952815 554.5909942826185 974.4690392696657 552.3851587569881 
1 976.6481530406172 564.4669160388513 974.4423175149868 562.2610805132355 
1 976.6481530406172 565.7658978731998 974.4423175149868 563.5600623475694 
1 976.6481530406172 567.0648797075338 974.4423175149868 564.859044181918 
7 975.295205983698 555.097689144013 971.9202206307536 559.9190967910764
7 924.9491794738387 560.7370073071521 924.9491794738387 567.7370073071521
7 924.9491794738387 560.0103801406818 924.9491794738387 573.7196464583991
7 923.8462617110235 558.880740623195 926.0520972366539 561.0865761488254
7 923.8462617110235 561.0865761488254 926.0520972366539 558.880740623195
7 924.9491794738387 555.0934457142714 924.9491794738387 543.1030921783255
2 924.9491794738387 573.7333469836937 927.0851381464126 571.6267666863738 
2 924.9491794738387 573.7333469836937 922.8132208012648 571.6267666863738 
2 924.9491794738387 571.9756471221726 927.0851381464126 569.8690668248528 
2 924.9491794738387 571.9756471221726 922.8132208012648 569.8690668248528 
2 924.9495000234456 543.227388162881 927.0854586960195 545.3339684602008 
2 924.9495000234456 543.227388162881 922.8135413508717 545.3339684602008 
2 924.9356084305837 544.9850880244019 927.0715671031576 547.0916683217217 
2 924.9356084305837 544.9850880244019 922.7996497580098 547.0916683217217 
1 926.3288482854223 551.9887871841944 924.1230127598064 549.782951658564 
1 926.3288482854223 553.2877690185284 924.1230127598064 551.0819334929125 
1 926.3288482854223 554.5867508528769 924.1230127598064 552.3809153272465 
1 926.3288482854223 551.9887871841944 924.1230127598064 549.782951658564 
1 926.3288482854223 553.2877690185284 924.1230127598064 551.0819334929125 
1 926.3288482854223 554.5867508528769 924.1230127598064 552.3809153272465 
1 926.302126530758 564.4626726091097 924.0962910051276 562.2568370834939 
1 926.302126530758 565.7616544434583 924.0962910051276 563.5558189178279 
1 926.302126530758 567.0606362777922 924.0962910051276 564.8548007521764 
2 924.9491794738387 555.0934457142714 921.5741941208944 559.9148533613348
7 975.295205983698 591.3644789358457 975.295205983698 573.7539701785515 
3 976.9440141424584 461.85484692350644 973.4084802364978 465.39038082946706 
3 976.9440141424584 459.85484692350644 973.4084802364978 463.39038082946706 
3 976.9440141424584 458.85484692350644 973.4084802364978 462.39038082946706 
3 976.9440141424584 457.85484692350644 973.4084802364978 461.39038082946706 
3 973.4084802364978 465.89038082946706 973.4084802364978 464.89038082946706 
3 976.9440141424584 460.85484692350644 973.4084802364978 464.39038082946706 
2 871.4981499398709 653.8354856521755 871.4981499398709 592.554693429423
2 871.4981499398709 536.2179643096451 871.4981499398709 408.0635533910827
2 871.4981499398709 546.2179643096451 871.4981499398709 563.2752266236826 
2 869.2901373663094 543.5299831700233 878.1861310795116 543.5299831700233 
2 878.1861310795116 534.0099517360561 878.1861310795116 543.5299831700233 
2 880.8741122191436 535.801939162478 875.4981499398968 532.217964309647 
2 871.4981499398968 536.217964309647 875.4981499398968 536.217964309647 
2 875.4981499398968 535.217964309647 875.4981499398968 537.217964309647 
2 882.2481499398968 536.217964309647 885.4981499398968 536.217964309647 
2 885.4981499398968 538.717964309647 885.4981499398968 533.717964309647 
2 886.4981499398968 537.717964309647 886.4981499398968 534.717964309647 
2 887.4981499398968 537.155464309647 887.4981499398968 535.280464309647 
2 871.4981499398709 540.2179643096451 871.4981499398709 536.2179643096451 
2 871.082124792702 540.8420020303986 867.4981499398709 546.2179643096451 
2 870.4981499398709 546.2179643096451 872.4981499398709 546.2179643096451 
2 871.4981499398709 540.2179643096451 870.2434296131937 542.100044799661 
2 871.4981499398709 540.2179643096451 871.4981499398709 538.67264017039 
2 869.2901373663094 588.6985587941169 878.1861310795116 588.6985587941169 
2 878.1861310795116 579.1785273601497 878.1861310795116 588.6985587941169 
2 880.8741122191436 580.9705147865716 875.4981499398968 577.3865399337406 
2 871.4981499398968 581.3865399337406 875.4981499398968 581.3865399337406 
2 875.4981499398968 580.3865399337406 875.4981499398968 582.3865399337406 
2 882.2481499398968 581.3865399337406 885.4981499398968 581.3865399337406 
2 885.4981499398968 583.8865399337406 885.4981499398968 578.8865399337406 
2 886.4981499398968 582.8865399337406 886.4981499398968 579.8865399337406 
2 871.4981499398709 585.3865399337387 867.4981499398709 591.3865399337387 
2 870.4981499398709 592.554693429423 872.4981499398709 592.554693429423 
2 867.9141750870399 568.6511889029291 871.4981499398709 563.2752266236826 
2 870.4981499398709 568.3292776197013 872.4981499398709 568.3292776197013 
2 871.4981499398709 568.3292776197013 871.4981499398709 585.3865399337387 
2 887.4981499398968 582.3240399337406 887.4981499398968 580.4490399337406 
2 924.9495000234456 641.8354856521755 922.3514238120988 643.3354856521755 
2 924.9495000234456 641.8354856521755 927.5475762348069 643.3354856521755 
2 924.9495000234456 641.8354856521755 924.9495000234456 638.8354856521755 
2 954.8127525201999 529.838991047116 954.8127525201999 519.838991047116
2 954.8127525201999 519.838991047116 958.8127525201999 519.838991047116
2 958.8127525201999 519.838991047116 958.8127525201999 529.838991047116
2 958.8127525201999 529.838991047116 954.8127525201999 529.838991047116
2 959.642419353826 530.4909593866905 959.642419353826 530.4909593866905
2 959.7617319299607 530.6939079957083 959.7617319299607 528.6939079957083
2 959.7617319299607 528.6939079957083 953.7617319299607 520.6939079957083
2 953.7617319299607 520.6939079957083 953.7617319299607 518.6939079957083
