2 890.1953689444199 508.8354856521755 890.4003689444216 508.8354856521755
2 924.847000023452 517.1847302792903 925.0520000234537 517.1847302792903
2 890.1953689444199 523.8354856521755 890.4003689444216 523.8354856521755
2 924.847000023452 532.1847302792903 925.0520000234537 532.1847302792903
2 932.6788790021092 592.5444339639062 940.7696758077072 592.5444339639062 940.7696758077072 586.0796475456727 932.6788790021092 586.0796475456727 932.6788790021092 592.5444339639062
2 911.709689475596 517.1847302792903 911.9146894755977 517.1847302792903
2 911.709689475596 532.1847302792903 911.9146894755977 532.1847302792903
2 938.3864729217603 517.1847302792903 938.591472921762 517.1847302792903
2 938.3864729217603 532.1847302792903 938.591472921762 532.1847302792903
2 973.0966441944047 558.2382488353688 972.2774921501268 557.6646723990199 973.4246450228247 556.026368310435 974.2436829806838 556.5998648626193
2 922.7506176845454 558.2340054056273 921.9314656402676 557.6604289692783 923.0786185129655 556.0221248806935 923.8976564708246 556.5956214328777
7 975.295205983698 591.3644789358457 966.6121108947991 591.3644789358457 966.6121108947991 498.1799397496005 902.9847890789479 498.1799397496005 902.9847890789479 581.9421626565271 924.9492272946363 581.9420349129941
2 867.0889059489273 562.4833171478176 867.0889059489273 570.4833171478176 875.0889059489273 570.4833171478176 875.0889059489273 562.4833171478176 867.0889059489273 562.4833171478176 869.7670265655179 562.4833171478176 868.2038763001692 562.4833171478176 
